frame_pos	peakXm1	peakX	peakXp1	peak.amp.m1	peak.amp	peak.amp.p1
0.0	-0.009418111753371858	-0.009017341040462423	-0.008616570327552975	218.0	276.0	273.0
0.0	0.008616570327552989	0.009017341040462437	0.009418111753371872	255.0	265.0	265.0
1.0	-0.024046242774566462	-0.023645472061657027	-0.023244701348747593	674.8246	780.3716	749.6806
1.0	0.023244701348747607	0.02364547206165704	0.02404624277456649	702.0272	803.2088	710.3048
2.0	-0.025649325626204228	-0.025248554913294793	-0.024847784200385345	809.618	832.8164	793.6536
2.0	0.02484778420038536	0.025248554913294807	0.025649325626204256	955.3404	1018.2444	881.3968
3.0	-0.028855491329479774	-0.028454720616570325	-0.02805394990366089	1122.939	1308.1666	1221.7492
3.0	0.02805394990366089	0.02845472061657034	0.028855491329479788	871.8142	957.9708	818.8268
4.0	-0.03386512524084778	-0.03346435452793834	-0.0330635838150289	1702.4088	1718.24	1425.948
4.0	0.03306358381502893	0.03346435452793835	0.033865125240847796	1179.0416	1457.6784	1438.7704
5.0	-0.03647013487475916	-0.03606936416184972	-0.03566859344894028	1653.572	2008.495	1947.679
5.0	0.03566859344894027	0.03606936416184972	0.03647013487475914	1597.812	1757.234	1566.326
6.0	-0.034065510597302506	-0.033664739884393065	-0.03326396917148362	2043.3172	2225.5992	1963.2548
6.0	0.03326396917148362	0.03366473988439307	0.034065510597302506	1849.86	1944.3092	1634.3888
7.0	-0.02845472061657034	-0.028053949903660898	-0.027653179190751456	2643.487	2936.1884	2521.1924
7.0	0.027653179190751442	0.02805394990366089	0.028454720616570325	2804.161	2824.7836	2218.8778
8.0	-0.02665125240847785	-0.026250481695568408	-0.025849710982658966	2317.9024	2919.176	2853.9776
8.0	0.025849710982658966	0.0262504816955684	0.02665125240847785	3075.4096	3114.032	2384.2448
9.0	-0.027052023121387284	-0.02665125240847785	-0.026250481695568408	2699.1042	3127.3172	2914.3172
9.0	0.0262504816955684	0.02665125240847785	0.027052023121387284	3143.6768	3285.509	2676.237
10.0	-0.028053949903660898	-0.027653179190751456	-0.027252408477842015	2822.704	2917.67	2364.202
10.0	0.027252408477842008	0.027653179190751442	0.02805394990366089	3099.278	3147.098	2528.966
11.0	-0.029657032755298657	-0.029256262042389215	-0.028855491329479774	2866.3504	3340.4258	3156.6642
11.0	0.028855491329479774	0.02925626204238921	0.029657032755298643	2623.8394	2998.0146	2773.9562
12.0	-0.029256262042389215	-0.028855491329479774	-0.028454720616570332	2785.9544	3089.2768	2703.996
12.0	0.028454720616570325	0.028855491329479774	0.02925626204238921	2480.868	2806.8992	2550.4944
13.0	-0.030658959537572257	-0.030258188824662816	-0.029857418111753374	2658.624	2910.9418	2655.9212
13.0	0.02985741811175338	0.030258188824662816	0.030658959537572264	2972.752	3195.5282	2650.8514
14.0	-0.03146050096339114	-0.0310597302504817	-0.030658959537572257	2312.8544	2918.668	2899.7468
14.0	0.030658959537572264	0.0310597302504817	0.03146050096339113	2787.6012	3182.012	2811.7708
15.0	-0.03065895953757225	-0.03025818882466281	-0.029857418111753367	2385.785	2853.623	2828.826
15.0	0.02985741811175338	0.030258188824662816	0.030658959537572264	2916.142	3173.162	2791.172
16.0	-0.031059730250481685	-0.03065895953757225	-0.03025818882466281	2300.0176	2343.6336	1965.44
16.0	0.03025818882466283	0.030658959537572264	0.031059730250481712	2423.0224	2711.8608	2456.5344
17.0	-0.031660886319845864	-0.03126011560693642	-0.03085934489402698	2233.092	2249.7882	1963.1006
17.0	0.030859344894026974	0.03126011560693642	0.03166088631984586	1709.483	1923.1562	1830.3536
18.0	-0.031660886319845864	-0.03126011560693642	-0.03085934489402698	1905.4324	1975.5108	1729.8308
18.0	0.030859344894026974	0.03126011560693642	0.03166088631984586	1949.9608	2118.8248	1938.9456
19.0	-0.0310597302504817	-0.030658959537572257	-0.030258188824662816	2064.1156	2136.6212	1839.0992
19.0	0.030258188824662816	0.030658959537572264	0.0310597302504817	1943.7114	2090.2252	1985.0
20.0	-0.032863198458574196	-0.032462427745664754	-0.03206165703275531	1970.54	2205.972	2093.808
20.0	0.03206165703275529	0.03246242774566474	0.03286319845857419	1659.4	1728.32	1717.968
21.0	-0.03346435452793835	-0.03306358381502891	-0.032662813102119465	1667.002	1961.8978	1958.3828
21.0	0.032662813102119465	0.03306358381502891	0.033464354527938334	1872.2284	1994.6552	1787.3746
22.0	-0.03226204238921003	-0.03186127167630058	-0.03146050096339115	1681.6496	1818.798	1739.9148
22.0	0.03146050096339113	0.03186127167630058	0.03226204238921003	1593.2652	1698.202	1668.932
23.0	-0.030458574181117526	-0.03005780346820809	-0.029657032755298643	1497.529	1538.474	1468.6196
23.0	0.029657032755298657	0.030057803468208105	0.030458574181117554	2167.4502	2243.4814	1970.8172
24.0	-0.03045857418111754	-0.03005780346820809	-0.029657032755298657	2136.552	2296.6848	2073.8832
24.0	0.02965703275529867	0.03005780346820809	0.03045857418111754	2220.4816	2451.0544	2260.2416
25.0	-0.030658959537572264	-0.030258188824662816	-0.02985741811175338	2106.135	2455.865	2447.985
25.0	0.02985741811175338	0.0302581888246628	0.03065895953757225	2754.05	2843.51	2569.125
26.0	-0.03206165703275528	-0.03166088631984584	-0.031260115606936395	2820.1504	3129.744	2916.368
26.0	0.03126011560693645	0.03166088631984587	0.03206165703275532	3004.4324	3053.7628	2550.4692
27.0	-0.030658959537572264	-0.030258188824662816	-0.02985741811175338	2748.6902	2881.1674	2762.3486
27.0	0.02985741811175338	0.0302581888246628	0.03065895953757225	2326.1466	2696.2296	2632.4274
28.0	-0.03146050096339113	-0.0310597302504817	-0.03065895953757225	2752.5624	2902.9104	2616.6392
28.0	0.03065895953757225	0.0310597302504817	0.03146050096339115	2669.6848	3006.624	2899.1984
29.0	-0.030658959537572264	-0.030258188824662816	-0.02985741811175338	2790.1418	3370.8706	3347.6232
29.0	0.02985741811175338	0.03025818882466283	0.03065895953757225	3058.8116	3265.0152	2922.7602
30.0	-0.029256262042389222	-0.028855491329479774	-0.02845472061657034	2911.69	3073.698	2700.416
30.0	0.02845472061657031	0.02885549132947976	0.02925626204238921	2735.462	2999.924	2793.504
31.0	-0.0302581888246628	-0.02985741811175338	-0.029456647398843933	4109.1796	4144.7042	3365.5398
31.0	0.029456647398843933	0.02985741811175338	0.03025818882466283	3817.091	4125.6928	3774.2554
32.0	-0.03406551059730252	-0.033664739884393086	-0.03326396917148364	3910.2496	4409.5536	4120.9552
32.0	0.03326396917148361	0.03366473988439306	0.034065510597302506	4350.8	5167.184	4854.9376
33.0	-0.035868978805394997	-0.03546820809248555	-0.035067437379576114	4525.3802	5161.11	4875.9198
33.0	0.03506743737957613	0.03546820809248555	0.035868978805394997	5495.8464	5502.8322	4306.526
34.0	-0.03967630057803469	-0.03927552986512525	-0.038874759152215804	4077.3732	4780.206	4507.7312
34.0	0.038874759152215804	0.03927552986512525	0.03967630057803467	4435.4044	4853.9808	4337.3804
35.0	-0.04007707129094412	-0.03967630057803467	-0.03927552986512524	4141.898	4516.097	3974.302
35.0	0.03927552986512525	0.0396763005780347	0.04007707129094412	3937.867	3976.883	3330.376
